# Created by Octave 3.8.1, Fri Jan 16 22:37:41 2015 EET <ilij@vostro>
# name: nn_lsizes
# type: matrix
# rows: 1
# columns: 4
 1 20 20 7


# name: nn_params
# type: matrix
# rows: 607
# columns: 1
 -11.93447634746805
 6.899557325097311
 -15.77421743771762
 1.92990749590808
 1.121369996227627
 -0.1753180455371792
 6.139602299900212
 1.056809025944366
 20.50986231386491
 -2.965872357086276
 1.84160292290213
 0.01875406567129795
 -1.672447237734922
 4.246996990569214
 -2.390208424731634
 0.06278981722128531
 20.27116959482376
 1.794105834583125
 9.212825942826317
 -11.97068597156527
 1.906201518184641
 -5.082537344904203
 1.505616564909927
 0.499922175554205
 -1.482239121275336
 2.320637041569448
 -1.434301214516622
 2.053961634839741
 -1.497078535786054
 1.442046785669259
 1.489436046834176
 -2.204872373641081
 -1.10642085083197
 -3.373287534472184
 3.122086198246928
 -2.052030267313221
 -2.585042586098754
 1.923189226824598
 -2.778349732909003
 2.471816867069173
 -1.730086686750818
 2.908433257998946
 -1.125887623864405
 -1.301839091263553
 0.7470632591175058
 1.011396768346279
 -1.76857256915414
 1.32949905642526
 0.7990482243106815
 0.3913912384338035
 -0.01561045756900949
 -0.9917744616272844
 -0.09593437624161753
 1.382764565615501
 -1.736721584395803
 -0.2334536782897317
 2.341361776464408
 -0.4287215877262159
 -0.1939846959817749
 -0.6503576154203515
 -0.005678271446277946
 0.4430330052497582
 0.08734995918067175
 0.8635509565358421
 -3.38682747388071
 -2.912085467040677
 -11.11541715305191
 1.395901343945826
 -0.1927968370418115
 1.890748089269281
 -5.431353319465957
 0.5411513490902188
 1.944856497575493
 0.3095529185983216
 -2.512676638356441
 1.648087252009245
 0.8141858274606079
 -6.403273765587496
 2.83717382267589
 2.585035225919506
 -1.368123179538878
 -1.833662118511294
 -0.2416252630865769
 1.05129772071812
 1.016943000805496
 0.4036578035369014
 -3.845896245815122
 0.2804409916786481
 -4.525947562663771
 0.9735372590119896
 -1.243898257226984
 -0.6350245157271924
 -1.46795622516666
 1.132902515473081
 0.5170127500344494
 4.371960024804934
 1.884910340769818
 1.114335867275657
 2.969065954357861
 -4.164999829247051
 18.25812058582822
 -14.08893526655038
 1.342575490272032
 5.041470443247223
 1.67222348674486
 -6.360396536731352
 -3.535145621570119
 -1.077778244232104
 -0.1817011345147636
 -2.853520200615383
 -1.217316706671408
 2.605606947540877
 -2.553977419282135
 -0.6993585938512575
 -0.5109691621981017
 -0.8916149907976058
 0.6020049620298539
 1.147712393139245
 -18.15083900520492
 0.2294313400548381
 -0.3706396870089489
 3.320754222673
 -0.0007798958921116788
 -1.217772999652216
 0.02944116215706041
 0.3627360648566451
 -3.195518132869844
 -0.1194961190244642
 -0.431976130156664
 0.8241265399692804
 1.22042695195415
 -0.6398904086342753
 -0.5582237551176102
 -0.9489026576458759
 0.008819726731634156
 2.298895486577562
 -0.06573331255101153
 0.9227654700899369
 0.01113818263551514
 -1.244744324956591
 -0.4055373745754653
 -0.1175380257336536
 -1.306309664031593
 0.4040858210183208
 -0.2320668161627806
 1.326845047816429
 -1.363699275720888
 0.6209049643471661
 -1.803849285985103
 0.5404377108452166
 1.474047936835995
 -0.6390723310021829
 1.346908801739251
 1.011784696308937
 0.2209536722331343
 0.1625315605414209
 -0.9809767201021785
 -0.7228216437067388
 0.5527519357516557
 -0.5912309101377169
 0.5016348908301824
 3.237392078306724
 0.403566933080987
 -1.20590770902099
 -0.4776161546727719
 1.529405936624742
 -0.7695509540544813
 1.29168622851923
 -0.266943073854587
 -1.127160541777766
 -0.7629831033600215
 -0.2647036301306386
 1.118107997439793
 -0.887886139586103
 0.4385929526966468
 -0.5689134839752229
 0.2177336525019932
 -0.8073743647465119
 -1.508697252076382
 -0.05876351783046618
 0.8974666931451779
 0.7698419372603772
 0.6877692634092298
 0.8067547268871258
 3.027308501188636
 2.41050605238597
 -0.6187769874668759
 0.6478131525121887
 0.2349310647268932
 -1.286584832275349
 2.508272196499915
 -0.9253611650726726
 2.464282727409983
 0.1435699918599614
 2.234556665229205
 -2.90561081929768
 1.928433114789142
 1.851637069998324
 -5.034435710581981
 -0.5520500734126789
 -2.101256026429716
 3.006791786947586
 -1.606427708229369
 -0.7950926621307784
 0.7185233164746772
 -0.2714960656641563
 -1.59324107613539
 0.8518498469977139
 1.33135064651372
 -0.6109483698329886
 1.104653788854266
 0.7794851363072834
 0.5451354199087635
 1.022698502871318
 -0.01410384811886628
 2.148229810144501
 1.331909046527501
 0.3316945787826288
 -0.5778360081874068
 1.314973443230555
 -7.734253741497862
 -23.19033179672522
 -0.4856036792375716
 -20.61904715121279
 -2.114634390649881
 -0.8102322246260615
 1.971082422138828
 -0.1590521254558187
 0.50965998061242
 14.84447818036572
 0.7820202299005851
 4.318188405342843
 7.564975575182594
 0.5582015514389159
 0.6997246218581163
 -0.1081823904928733
 -4.890554819127841
 0.02768494437267531
 15.42558923476425
 -1.182087648717142
 -0.2030903650510714
 4.758403613317035
 1.145760914258099
 -0.4549523159527312
 -2.645052060619321
 2.083655674692594
 -1.159484884547737
 0.8886631099384916
 1.938307280733038
 0.7647530800222538
 0.6146763637355518
 -0.4342240994371379
 -2.052143418764345
 1.575453879860419
 -2.482281963240283
 -0.8767733989713467
 0.1927130736458124
 0.8248706792382563
 0.8592055009658294
 0.3364805814458507
 0.06117312975857958
 2.11255635998792
 -1.700740008783566
 1.396697618023722
 0.211709651445466
 2.244487553734915
 -2.499690866345303
 1.339802973993508
 -0.5785876263415732
 -1.286260388200192
 0.8282571825222302
 -0.9832254187091117
 -0.7787850223230545
 0.8987607008774465
 -1.090551467924021
 0.1262081715782919
 -0.2131484870335694
 0.005900689332685341
 0.5765739139898892
 -0.7262567592775181
 -0.6579647272881932
 0.5366069828328671
 0.1585822678146334
 -1.343935221504135
 -0.6465882088235039
 1.278037252119408
 0.002615903162257449
 -1.26027027111173
 -1.257318301146736
 -0.1320116267497339
 0.8149664239843391
 -0.9360114640553675
 -1.416525984118282
 0.4566467081988885
 -0.2416689969603512
 -0.1773885060036127
 0.6564091745155807
 -1.310425910622381
 1.428269408794632
 -0.8882725916386041
 0.9285033624126056
 1.179133257674194
 0.295431790382311
 -1.204929130148569
 0.8764864096168387
 -0.2962341525808225
 -0.09129463740524064
 0.5769224087542816
 0.8677915837242445
 1.240227979825869
 0.205336275318823
 0.4453166968728699
 -0.02435694259561881
 1.320729763450567
 1.187806401870844
 -0.6070889094050554
 -1.36047386065425
 1.346325087365588
 0.3025456791421429
 -1.522148886504707
 0.5872820774500678
 -0.2340430993966949
 -1.291103572547821
 1.512606534660225
 1.16701814918849
 -0.4090526006855006
 -3.670079225883953
 -0.6599850904063377
 -2.939168726254545
 0.5066925739463488
 -0.3439788117030704
 -0.315685624954574
 -1.70926582649112
 -0.4060645199289193
 -0.1369539843021617
 3.211129202084833
 -0.5465008633907443
 1.042488369057386
 -0.3217063882085447
 -2.182060084365171
 0.01579936214615427
 4.697591950714378
 -1.421731223545743
 1.13268990781496
 -1.850857058368211
 2.270014568298919
 -0.3517084945288035
 0.5063542250751817
 0.1821299525193857
 -0.6970636176357652
 -0.6415229037250006
 0.02804225176091914
 1.548807138881464
 1.270767552687323
 0.5046644380834552
 -1.544335651085058
 0.383148512858408
 -1.339041493941891
 -2.782427272946836
 1.557415161352283
 -0.2774499235545047
 -1.314509638319565
 -0.3302920730832144
 -0.5177170899680279
 0.5300904345019093
 0.3563355191842289
 0.01886578882940856
 0.1242738443021088
 0.8392323145809107
 0.0783187429283269
 -0.04225621190867596
 -1.071966970513626
 0.2797737496680093
 -0.5914898963081802
 1.095592243496464
 1.855103889377061
 -0.323660984113587
 -0.3827452117088132
 1.383722598004621
 -1.571818733960981
 -2.709902698304514
 -6.076682881135134
 1.343903153820358
 -1.744007597794767
 0.4556898888901316
 -9.502303572671829
 17.21284051209012
 1.194904828845666
 -1.46715067563791
 -1.002941233474625
 3.07662037558437
